2.3562195417067326	19.983483999252094
2.5789834888182552	18.134536206225917
2.8017474359297774	16.38513184815502
3.0245113830413	14.736949560636203
3.2472753301528225	13.191081439245673
3.470039277264345	11.748004910384324
3.6928032243758677	10.407562413741918
3.9155671714873903	9.168949992070132
4.138331118598913	8.030715753590005
4.361095065710436	6.990768988636784
4.583859012821958	6.046400484396726
4.80662295993348	5.194314291973781
5.029386907045003	4.430670864037927
5.252150854156525	3.7511411081390733
5.474914801268048	3.150970503472852
5.6976787483795714	2.625052024259764
5.920442695491093	2.168006221052581
6.143206642602616	1.7742664548050247
6.36597058971414	1.4381669812451392
6.588734536825661	1.1540313684631265
6.811498483937184	0.9162586198229228
7.034262431048706	0.719404384134199
7.257026378160228	0.5582547757919887
7.47979032527175	0.42789060128935574
7.702554272383274	0.3237401874266421
7.925318219494796	0.24161951267961612
8.148082166606319	0.1777589286321657
8.37084611371784	0.12881638676817353
8.593610060829365	0.09187771506546483
8.816374007940887	0.0644450742878444
9.039137955052409	0.04441522314207802
9.261901902163931	0.03004959846366617
9.484665849275455	0.01993844565048697
9.707429796386975	0.012961303523768564
9.9301937434985	0.008246059580603315
10.15295769061002	0.0051285639637743685
10.375721637721544	0.0031144538112481968
10.598485584833066	0.0018444331820788307
10.821249531944588	0.0010638205155455438
11.044013479056112	5.967570577691816e-4
11.266777426167634	3.25100916160892e-4
11.489541373279156	1.7173726089225738e-4
11.71230532039068	8.782855354994012e-5
11.935069267502204	4.341041718092242e-5
12.157833214613724	2.0699624361242286e-5
12.380597161725246	9.504373981172876e-6
12.603361108836769	4.193882494618606e-6
12.826125055948292	1.7747387559552408e-6
13.048889003059813	7.186608907971959e-7
13.271652950171337	2.778309582396332e-7
13.494416897282859	1.0229326719013443e-7
13.717180844394383	3.5777514284518475e-8
13.939944791505905	1.1854917048026437e-8
14.162708738617427	3.7108982553490932e-9
14.385472685728951	1.0940848227392053e-9
14.608236632840473	3.028777229019397e-10
14.831000579951997	7.847056338050606e-11
15.053764527063517	1.8971491044794675e-11
15.27652847417504	4.263256414560601e-12
15.499292421286563	9.059419880941277e-13
