1.7609125905568124	2811.9634652680484
1.983676537668335	2352.183428145666
2.2064404847798578	1950.9774758452972
2.4292044318913804	1603.8522164055082
2.651968379002903	1306.1978224723769
2.874732326114426	1053.360577906657
3.097496273225948	840.714597694106
3.3202602203374703	663.7305600321382
3.5430241674489924	518.0393519169817
3.7657881145605154	399.4887010167466
3.9885520616720385	304.1911447449621
4.211316008783561	228.56206161716577
4.434079955895084	169.34694117831464
4.656843903006606	123.63757040450513
4.879607850118129	88.87733396303722
5.10237179722965	62.856327143318225
5.325135744341174	43.69742762201014
5.547899691452695	29.83483293702264
5.770663638564218	19.986819075620048
5.993427585675741	13.124596338593113
6.216191532787264	8.43912794558122
6.438955479898786	5.307643443609109
6.661719427010309	3.2613430512276853
6.884483374121832	1.9554796803774366
7.107247321233353	1.1426567997927606
7.330011268344877	0.6498276734334052
7.552775215456399	0.359156539942882
7.775539162567922	0.1926297121900511
7.998303109679444	0.10009978927126184
8.221067056790966	0.050314578981511815
8.443831003902488	0.024420117557220067
8.666594951014012	0.01142345189841798
8.889358898125534	0.00514047284546848
9.112122845237057	0.002220654590932014
9.334886792348579	9.189686606880798e-4
9.557650739460101	3.634817228803655e-4
9.780414686571623	1.3708675402845927e-4
10.003178633683147	4.9176076730717e-5
10.22594258079467	1.6734574046495254e-5
10.448706527906191	5.387353203545331e-6
10.671470475017715	1.6359488164141567e-6
10.894234422129237	4.6715519452789067e-7
11.116998369240761	1.250431758137438e-7
11.339762316352282	3.1271705225321966e-8
11.562526263463804	7.288729619858714e-9
11.785290210575328	1.5712231515863095e-9
12.00805415768685	3.055156128084491e-10
12.230818104798374	6.546763131609623e-11