1	4.630564317908609e-5
2	3.6873029696477737e-4
3	0.0034735778429464863
4	0.016868444489567973
5	0.06450583380073105
6	0.2057850239020456
7	0.5595234543371362
8	1.4310163182713111
9	3.2050736696665076
10	6.884923063526399
11	13.696839378411514
12	26.510391118292684
13	49.39495251533147
14	86.17499075091747
15	146.56525107916931
16	244.34524309963342
17	403.1118787986622
18	634.0330157830502
19	993.5991839743465
20	1487.228384836788
21	2242.127052751403
22	3288.528591227986
23	4738.702527721926
24	6823.5820271637285
25	9601.944482245473
26	13470.632123694715
27	18511.663341112864
28	25352.469527420468
29	34203.43112072935
30	45678.196317943184
31	60278.496434840956
32	80455.05226310491
33	105446.04085503485
34	137237.9081072801
35	176172.38863532603
36	228120.61889191947
37	287680.6873739865
38	365102.2021599563
39	455856.3400167626
40	574446.1459413695
