1	0.07064235533231673
2	0.17902370702448955
3	0.3433628822944708
4	0.5648244930744855
5	0.8494659683132215
6	1.2100646176935506
7	1.639276505080894
8	2.1488854443061918
9	2.7427672424217833
10	3.4334412680608226
11	4.196346171396469
12	5.057696441879812
13	6.041186899158404
14	7.086960411826116
15	8.261214951103396
16	9.538456940616543
17	10.897604718443084
18	12.444870790504716
19	14.060966750063725
20	15.774570164524883
21	17.668505780532733
22	19.65158678197125
23	21.794519930003922
24	24.079076191430293
25	26.383140989188657
26	28.901799623235
27	31.557013716974804
28	34.38242273220801
29	37.30436635538224
30	40.438722383759924
31	43.62933523529624
32	47.0051346981168
33	50.52307450705677
34	54.23605072521639
35	57.990017561514435
36	61.96668742655616
37	66.25736557166157
38	70.54471743103453
39	75.09751097265578
40	79.73028322492554
