1	0.009746149402992578
2	0.03443125694298586
3	0.09433473909676335
4	0.2149384023392935
5	0.4182301575884007
6	0.7539716592459283
7	1.2609487585796593
8	1.9860038733933203
9	3.01420174078278
10	4.4036221825506665
11	6.2383883106565605
12	8.589205511167378
13	11.645088907511163
14	15.445975601826031
15	20.17781498038027
16	25.654092331103282
17	32.42595656129741
18	40.5773524148356
19	50.5949324596033
20	61.936003907871786
21	75.1761870496842
22	90.37511636373797
23	108.79485978030318
24	128.77100201755084
25	152.02476847463373
26	178.70479102956114
27	207.02238558483583
28	241.9584041009554
29	279.1616071253119
30	320.7646523081937
31	367.6190193577991
32	419.0330951035082
33	476.31029083539204
34	538.6489832189894
35	608.2017740764951
36	685.3242949633019
37	768.2614733735949
38	859.1701360679083
39	958.4784403180366
40	1064.0343968129282
