1	0.00446429
2	0.0124927
3	0.018078
4	0.0222095
5	0.0255977
6	0.0285822
7	0.0313314
8	0.0339347
9	0.0364429
10	0.0388863
11	0.0412842
12	0.0436489
13	0.0459891
14	0.0483106
15	0.0506175
16	0.052913
17	0.0551994
18	0.0574784
19	0.0597514
20	0.0620193
21	0.0642831
22	0.0665433
23	0.0688005
24	0.0710552
25	0.0733076
26	0.0755581
27	0.077807
28	0.0800544
29	0.0823005
30	0.0845455
31	0.0867894
32	0.0890325
33	0.0912748
34	0.0935163
35	0.0957572
36	0.0979975
37	0.100237
38	0.102477
39	0.104715
40	0.106954
