1	0.001207901756062884
2	0.004776575876878842
3	0.016768470928763983
4	0.0454012487352776
5	0.10705203909271317
6	0.22127332644376316
7	0.4148410619526574
8	0.7400335958538659
9	1.2426459270852082
10	1.9997340828650756
11	3.1445484153201257
12	4.740449303866403
13	6.896349167196909
14	9.915143701241455
15	13.838535291845773
16	19.16695493732999
17	25.943227674983916
18	34.4860822941523
19	45.50087189277569
20	59.04073895627924
21	76.1534346313769
22	96.52065608161604
23	121.52554319150622
24	152.09222858936366
25	187.56163954223237
26	230.07318721891195
27	283.2610717679648
28	344.72468692714165
29	414.56750976055235
30	497.7379239113224
31	592.7803693307901
32	701.4099094222757
33	829.3518674264483
34	971.3562303340922
35	1141.3247905703352
36	1326.500179907833
37	1548.7927797502252
38	1785.035434713803
39	2054.91372447644
40	2368.347314066136
