1	0.000868056
2	0.00346492
3	0.00533447
4	0.00654876
5	0.00741558
6	0.00810037
7	0.00868533
8	0.00921281
9	0.00970569
10	0.010177
11	0.0106345
12	0.0110828
13	0.011525
14	0.0119631
15	0.0123983
16	0.0128316
17	0.0132635
18	0.0136944
19	0.0141248
20	0.0145547
21	0.0149844
22	0.015414
23	0.0158435
24	0.0162729
25	0.0167025
26	0.017132
27	0.0175617
28	0.0179915
29	0.0184214
30	0.0188514
31	0.0192815
32	0.0197117
33	0.0201421
34	0.0205725
35	0.0210031
36	0.0214338
37	0.0218646
38	0.0222955
39	0.0227266
40	0.0231577
