1	2.303217195017444e-4
2	0.0012606772849837959
3	0.007160720154520249
4	0.02555539434329453
5	0.07668317030569824
6	0.19592659176077182
7	0.45924218878297746
8	0.9586273242977624
9	1.8912494217247722
10	3.510289502258687
11	6.210584983231928
12	10.69998787300692
13	17.23030835175074
14	27.60445418335074
15	43.527394526931936
16	65.93898820256037
17	97.76458480357647
18	142.16498315438125
19	202.48983701745934
20	287.41346979121863
21	397.3425178406589
22	541.9794960963169
23	736.1042341516212
24	973.2368760546169
25	1292.4740664088943
26	1696.4652154814155
27	2199.782653249583
28	2841.148580775101
29	3625.834401814788
30	4607.347901235231
31	5818.681483932383
32	7266.228411816096
33	9087.680434782327
34	11213.559606794095
35	13808.44769886569
36	16802.88189690431
37	20398.726911571455
38	24682.481802441536
39	29856.99668731649
40	35825.544067018374
