-3.010299956639812	0.4795001221869535
-2.5527250510330606	0.456056540250256
-2.0951501454263095	0.4320583811418929
-1.6375752398195587	0.4075723482841036
-1.1800003342128076	0.3826787022260755
-0.7224254286060567	0.35747212937060757
-0.26485052299930556	0.33206236828552416
0.19272438260744557	0.30657449276549964
0.6502992882141967	0.28114873606320345
1.1078741938209478	0.25593972930813635
1.5654490994276984	0.2311150219211472
2.0230240050344497	0.20685275641196021
2.4805989106412007	0.1833383885547345
2.938173816247952	0.16076038112633284
3.3957487218547033	0.13930485941602777
3.853323627461455	0.11914930254342704
4.310898533068206	0.10045545656289034
4.768473438674958	0.08336178932922644
5.2260483442817085	0.06797595291270797
5.68362324988846	0.05436785909928432
6.141198155495211	0.0425640812661644
6.598773061101961	0.03254433929521061
7.056347966708713	0.02424076884338111
7.5139228723154625	0.017540493953769776
7.971497777922214	0.012291701501707109
8.429072683528966	0.008312975333716
8.886647589135716	0.005405143308050642
9.344222494742468	0.0033644162715554815
9.80179740034922	0.001995273175751433
10.25937230595597	0.0011214840517693725
10.716947211562722	5.939280527481605e-4
11.174522117169472	2.944366409494137e-4
11.632097022776225	1.356494717252854e-4
12.089671928382975	5.761187603370299e-5
12.547246833989727	2.235539591877167e-5
13.004821739596476	7.847003567040822e-6
13.46239664520323	2.4641596422236844e-6
13.91997155080998	6.838073809412037e-7
14.377546456416733	1.654092032232768e-7
14.835121362023482	3.4351514521802073e-8
15.292696267630234	6.022222276413913e-9
15.750271173236985	8.746613433530115e-10
16.207846078843737	1.0307088516015028e-10
16.66542098445049	9.629075314876445e-12
