3.3792310274444053	0.9180988975960285
3.694401541905054	0.9055446487971957
4.009572056365704	0.8913575048154417
4.324742570826352	0.8753942916101204
4.6399130852870005	0.8575156970267283
4.955083599747649	0.8375909920355824
5.270254114208299	0.8155036117555877
5.585424628668947	0.7911575525499762
5.900595143129595	0.7644844734250067
6.215765657590246	0.7354513067896502
6.530936172050894	0.704068087639192
6.8461066865115425	0.6703956061944463
7.161277200972192	0.6345523847370378
7.47644771543284	0.5967203858679853
7.79161822989349	0.5571487908531538
8.106788744354137	0.5161551596927674
8.421959258814788	0.47412331659130713
8.737129773275434	0.431497411745125
9.052300287736085	0.38877180440304615
9.367470802196733	0.3464766963270306
9.682641316657381	0.3051598103909109
9.997811831118032	0.2653648323364852
10.31298234557868	0.2276077745006847
10.628152860039329	0.19235282355123362
10.943323374499979	0.15998953497634483
11.258493888960626	0.13081336939818333
11.573664403421276	0.10501147510312314
11.888834917881923	0.08265527779202797
12.204005432342573	0.06370084993396252
12.51917594680322	0.047997250352840526
12.83434646126387	0.03530214567976686
13.149516975724518	0.025303177583916203
13.464687490185167	0.017642863108345064
13.779858004645815	0.01194443300657122
14.095028519106465	0.007836001952275629
14.410199033567114	0.004970834428995707
14.725369548027762	0.003042155196401053
15.040540062488413	0.0017918231430608111
15.355710576949061	0.0010130755749987452
15.67088109140971	5.482931182286821e-4
15.98605160587036	2.832121926369391e-4
16.30122212033101	1.3917063769486315e-4
16.61639263479166	6.483706916193821e-5
16.931563149252305	2.8531727160219233e-5
17.246733663712956	1.181204193634322e-5
17.561904178173606	4.580788923735923e-6
17.877074692634253	1.656344420286615e-6
18.192245207094903	5.556103953585634e-7
18.50741572155555	1.719640805308842e-7
18.8225862360162	4.882042148324217e-8
19.137756750476846	1.263295068554271e-8
19.452927264937497	2.959221312437421e-9
19.768097779398143	6.229007309954682e-10
20.083268293858794	1.168370955539899e-10
20.39843880831944	1.9335977263779114e-11
