2.8431811792050636	0.5768469553307594
3.0659451263165867	0.5604181084619143
3.2887090734281084	0.543633459509622
3.511473020539631	0.5265121058225939
3.734236967651154	0.5090760122742326
3.9570009147626757	0.49135011162717523
4.179764861874197	0.47336238349311066
4.40252880898572	0.455143907564484
4.6252927560972426	0.4367288865712744
4.848056703208765	0.41815463426422417
5.070820650320287	0.3994615236665957
5.29358459743181	0.38069289089245195
5.516348544543331	0.3618948900244823
5.739112491654854	0.34311629490297957
5.961876438766377	0.3244082442235455
6.184640385877898	0.30582392709650297
6.4074043329894215	0.28741820720440614
6.6301682801009445	0.26924718491870747
6.852932227212466	0.25136769820835647
7.075696174323988	0.23383676488781813
7.298460121435511	0.21671097069342227
7.521224068547032	0.2000458098141359
7.743988015658556	0.18389498678802074
7.966751962770077	0.16830969104256477
8.1895159098816	0.1533378577200314
8.412279856993122	0.13902343068306056
8.635043804104646	0.1254056456182231
8.857807751216168	0.11251835280899602
9.08057169832769	0.10038940028830567
9.303335645439212	0.08904009855621564
9.526099592550734	0.07848478772011358
9.748863539662256	0.06873052666166302
9.971627486773778	0.05977692156781067
10.1943914338853	0.0516161078391435
10.417155380996823	0.044232895023766816
10.639919328108347	0.037605079105118566
10.862683275219867	0.03170392036266201
11.085447222331391	0.02649477837157055
11.308211169442913	0.02193788883491321
11.530975116554437	0.017989260238311933
11.753739063665957	0.014601662215729672
11.97650301077748	0.011725672463792192
12.199266957889002	0.009310745466823422
12.422030905000526	0.007306264558128772
12.644794852112046	0.005662539202183625
12.867558799223568	0.004331711951129136
13.090322746335092	0.0032685442494853056
13.313086693446614	0.0024310568902471408
13.535850640558136	0.0017810090408122425
13.758614587669658	0.00128420878286728
13.981378534781182	9.106573655606187e-4
14.204142481892703	6.345381345839174e-4
14.426906429004225	4.340686843149477e-4
14.649670376115749	2.9124060952490094e-4
14.87243432322727	1.9147490765225594e-4
15.095198270338791	1.232224253356895e-4
15.317962217450313	7.75378177731989e-5
15.540726164561837	4.765258766592506e-5
15.76349011167336	2.8568365936787465e-5
15.986254058784882	1.6686277479083245e-5
16.209018005896404	9.482623363199494e-6
16.431781953007928	5.2357797375446324e-6
16.654545900119448	2.8046210499566016e-6
16.87730984723097	1.4552196512251925e-6
17.100073794342492	7.301794232583703e-7
17.322837741454016	3.5369099538051785e-7
17.545601688565537	1.65088934189761e-7
17.76836563567706	7.410968239085491e-8
17.991129582788584	3.1931070676449735e-8
18.213893529900105	1.3176641777690179e-8
18.436657477011625	5.1960115099447535e-9
18.65942142412315	1.953343375937777e-9
18.882185371234673	6.983031930474226e-10
19.104949318346193	2.3676771654379536e-10
19.327713265457717	7.592915185483662e-11
19.55047721256924	2.2963186907531963e-11
19.77324115968076	6.5289995632156206e-12
19.996005106792285	1.7398305018900828e-12
