3.010299956639812	0.7493883671124919
3.467874862246563	0.7174614393111787
3.925449767853314	0.682676219158322
4.383024673460066	0.6450754934307057
4.840599579066817	0.6047860455964102
5.298174484673568	0.5620326019239723
5.755749390280319	0.517149366205357
6.2133242958870705	0.4705872841470934
6.670899201493822	0.4229149391526372
7.128474107100574	0.374810946458878
7.586049012707324	0.32704599494215636
8.043623918314076	0.2804533913081225
8.501198823920827	0.23588815607375768
8.958773729527579	0.19417638764036405
9.41634863513433	0.1560586034747421
9.873923540741082	0.12213277840297743
10.331498446347831	0.09280436578363804
10.789073351954583	0.068251154966955
11.246648257561333	0.048409886332673846
11.704223163168086	0.03298886306239568
12.161798068774836	0.021506571596569324
12.619372974381589	0.01335132355370161
13.076947879988339	0.00785241960362626
13.53452278559509	0.0043507214874418665
13.992097691201842	0.0022568393756585703
14.449672596808593	0.0010885434032389396
14.907247502415345	4.845160629856071e-4
15.364822408022096	1.9735499229733833e-4
15.822397313628846	7.288357809465129e-5
16.2799722192356	2.4152943414401662e-5
16.73754712484235	7.1003876027653234e-6
17.195122030449102	1.8281427109911874e-6
17.65269693605585	4.06405737840565e-7
18.110271841662605	7.67753094432777e-8
18.567846747269353	1.2108424929380135e-8
19.025421652876105	1.5630157168544656e-9
19.482996558482856	1.6153645088223811e-10
19.940571464089608	1.3042233959481564e-11
20.39814636969636	8.002487561498128e-13
