-1.2628749457997652	0.8554745643109433
-0.8053000401930138	0.8299088576752316
-0.3477251345862631	0.8007838254478619
0.10984977102048901	0.7678920311016001
0.5674246766272399	0.7311028268833456
1.0249995822339917	0.6903907101729909
1.4825744878407419	0.6458648629205165
1.9401493934474934	0.5977972337916914
2.397724299054245	0.5466455697478226
2.8552992046609966	0.4930669955026662
3.3128741102677477	0.43791732440344655
3.7704490158744983	0.3822315626318188
4.22802392148125	0.32718233479916536
4.685598827088001	0.2740154071449088
5.143173732694752	0.22396508314220076
5.6007486383015035	0.17815661349966705
6.058323543908255	0.13750709649912551
6.5158984495150065	0.10263947907492366
6.973473355121758	0.0738249117699582
7.431048260728509	0.050965867261794195
7.88862316633526	0.03362591897571332
8.34619807194201	0.021102916599861077
8.803772977548762	0.01253273608501504
9.261347883155514	0.007003746794093768
9.718922788762264	0.0036601733977044137
10.176497694369019	0.0017766245487584875
10.634072599975768	7.949602646876164e-4
11.091647505582518	3.2519339102143885e-4
11.54922241118927	1.2050017610154562e-4
12.006797316796021	4.0035623603440484e-5
12.464372222402773	1.179185929900406e-5
12.921947128009524	3.0401316543082757e-6
13.379522033616276	6.764486164545502e-7
13.837096939223025	1.2786394254504785e-7
14.294671844829779	2.0172802761564412e-8
14.752246750436528	2.60452337474959e-9
15.209821656043282	2.692043254981513e-10
15.667396561650031	2.1736057398413777e-11
16.12497146725678	1.332711718760038e-12