1.0	0.999000999000999
0.9333333333333333	0.999000999000999
0.8711111111111112	0.998003992015968
0.813037037037037	0.999000999000999
0.7588345679012347	0.9950248756218906
0.7082455967078191	0.9950248756218906
0.6610292235939644	0.9970089730807578
0.6169606086877002	0.9940357852882704
0.5758299014418535	0.9930486593843099
0.53744124134573	0.9920634920634921
0.5016118252560147	0.984251968503937
0.46817103690561374	0.9823182711198428
0.43695963444523944	0.9823182711198428
0.4078289921488902	0.9803921568627451
0.38064039267229755	0.970873786407767
0.3552643664941444	0.9624639076034649
0.3315800753945347	0.9606147934678194
0.3094747370348991	0.9328358208955224
0.2888430878992392	0.9285051067780873
0.2695868820392899	0.9082652134423251
0.25161442323667055	0.8992805755395683
0.23484012835422585	0.8873114463176575
0.21918411979727748	0.8748906386701663
0.20457184514412566	0.8488964346349746
0.19093372213451731	0.7980845969672785
0.1782048073255495	0.76103500761035
0.16632448683717954	0.7401924500370096
0.15523618771470088	0.6891798759476223
0.14488710853372083	0.6211180124223602
0.1352279679648061	0.6067961165048543
0.1262127701004857	0.5555555555555556
0.11779858542711999	0.49431537320810676
0.10994534639864534	0.43878894251864853
0.10261565663873566	0.41186161449752884
0.09577461286281995	0.35958288385472853
0.08938963867196528	0.3181673560292714
0.0834303294271676	0.25826446280991733
0.07786830746535643	0.21003990758244068
0.072677086967666	0.1697792869269949
0.06783194783648827	0.14434180138568128
0.06330981798072238	0.10975743606629348
0.05908916344867423	0.08253549026081215
0.05514988588542928	0.07017051434987018
0.05147322682640067	0.045236587351850176
0.04804167837130729	0.03343810606567244
0.04483889981322014	0.022161647053609023
0.04184963982567213	0.016266775111834077
0.03905966383729399	0.01041938004688721
0.03645568624814106	0.006591870904800201
0.034025307164931656	0.004008417677121956
0.03175695335393621	0.002221718632665485
0.029639823130340463	0.0013200553367197154
0.0276638349216511	7.305984112406949e-4
0.025819579260207694	3.700450048734927e-4
0.02409827397619385	1.8755469563811546e-4
0.02249172237778093	8.6113137161866e-5
0.0209922742192622	3.833888793531555e-5
0.019592789271311386	1.5633237494813086e-5
0.01828660331989063	6.205965340204876e-6
0.01706749643189792	2.24864749811904e-6
0.01592966333643806	8.063141564973969e-7
