 -6.24694e-1	5.76847e-1
 -3.09523e-1	5.53498e-1
 5.64735e-3	5.29452e-1
 3.20818e-1	5.04769e-1
 6.35988e-1	4.79519e-1
 9.51159e-1	4.53786e-1
 1.26633e0	4.27665e-1
 1.5815e0	4.01265e-1
 1.89667e0	3.74706e-1
 2.21184e0	3.48119e-1
 2.52701e0	3.21645e-1
 2.84218e0	2.95436e-1
 3.15735e0	2.69647e-1
 3.47252e0	2.4444e-1
 3.78769e0	2.19974e-1
 4.10286e0	1.9641e-1
 4.41803e0	1.73897e-1
 4.73321e0	1.52578e-1
 5.04838e0	1.32579e-1
 5.36355e0	1.14006e-1
 5.67872e0	9.69438e-2
 5.99389e0	8.14512e-2
 6.30906e0	6.75583e-2
 6.62423e0	5.52657e-2
 6.9394e0	4.45442e-2
 7.25457e0	3.53359e-2
 7.56974e0	2.75569e-2
 7.88491e0	2.11006e-2
 8.20008e0	1.58429e-2
 8.51525e0	1.16475e-2
 8.83042e0	8.37197e-3
 9.14559e0	5.87372e-3
 9.46076e0	4.01541e-3
 9.77593e0	2.66972e-3
 1.00911e1	1.72285e-3
 1.04063e1	1.07681e-3
 1.07214e1	6.50342e-4
 1.10366e1	3.78595e-4
 1.13518e1	2.11877e-4
 1.1667e1	1.13664e-4
 1.19821e1	5.82725e-5
 1.22973e1	2.84554e-5
 1.26125e1	1.31881e-5
 1.29276e1	5.77907e-6
 1.32428e1	2.3845e-6
 1.3558e1	9.22311e-7
 1.38731e1	3.3283e-7
 1.41883e1	1.1148e-7
 1.45035e1	3.44666e-8
 1.48187e1	9.77764e-9
 1.51338e1	2.52879e-9
 1.5449e1	5.92155e-10
 1.57642e1	1.24617e-10
 1.60793e1	2.33796e-11
 1.63945e1	3.87912e-12
