 -1.00343e0	7.49388e-1
 -6.88263e-1	7.27704e-1
 -3.73092e-1	7.04663e-1
 -5.79218e-2	6.80268e-1
 2.57249e-1	6.54537e-1
 5.72419e-1	6.27511e-1
 8.8759e-1	5.99248e-1
 1.20276e0	5.69832e-1
 1.51793e0	5.3937e-1
 1.8331e0	5.07998e-1
 2.14827e0	4.75876e-1
 2.46344e0	4.43192e-1
 2.77861e0	4.10159e-1
 3.09378e0	3.77013e-1
 3.40895e0	3.44009e-1
 3.72412e0	3.11416e-1
 4.03929e0	2.79514e-1
 4.35447e0	2.48583e-1
 4.66964e0	2.18896e-1
 4.98481e0	1.90711e-1
 5.29998e0	1.64263e-1
 5.61515e0	1.3975e-1
 5.93032e0	1.17332e-1
 6.24549e0	9.71211e-2
 6.56066e0	7.91746e-2
 6.87583e0	6.34968e-2
 7.191e0	5.00375e-2
 7.50617e0	3.86963e-2
 7.82134e0	2.93281e-2
 8.13651e0	2.17528e-2
 8.45168e0	1.5765e-2
 8.76685e0	1.11457e-2
 9.08202e0	7.67345e-3
 9.39719e0	5.13491e-3
 9.71236e0	3.3332e-3
 1.00275e1	2.09432e-3
 1.03427e1	1.27082e-3
 1.06579e1	7.4287e-4
 1.0973e1	4.17239e-4
 1.12882e1	2.24528e-4
 1.16034e1	1.15412e-4
 1.19186e1	5.64811e-5
 1.22337e1	2.62244e-5
 1.25489e1	1.15083e-5
 1.28641e1	4.75393e-6
 1.31792e1	1.84044e-6
 1.34944e1	6.64602e-7
 1.38096e1	2.22719e-7
 1.41248e1	6.88835e-8
 1.44399e1	1.95462e-8
 1.47551e1	5.05611e-9
 1.50703e1	1.18409e-9
 1.53854e1	2.492e-10
 1.57006e1	4.67547e-11
 1.60158e1	7.75324e-12
 1.63309e1	1.12599e-12
