 -1.26287e0	8.55475e-1
 -9.47704e-1	8.38235e-1
 -6.32534e-1	8.19343e-1
 -3.17363e-1	7.9872e-1
 -2.19289e-3	7.76303e-1
 3.12978e-1	7.52046e-1
 6.28148e-1	7.25925e-1
 9.43319e-1	6.97943e-1
 1.25849e0	6.68134e-1
 1.57366e0	6.36567e-1
 1.88883e0	6.03352e-1
 2.204e0	5.68641e-1
 2.51917e0	5.3263e-1
 2.83434e0	4.95563e-1
 3.14951e0	4.57725e-1
 3.46468e0	4.19447e-1
 3.77985e0	3.8109e-1
 4.09502e0	3.43045e-1
 4.41019e0	3.0572e-1
 4.72536e0	2.69525e-1
 5.04054e0	2.3486e-1
 5.35571e0	2.02099e-1
 5.67088e0	1.71573e-1
 5.98605e0	1.43555e-1
 6.30122e0	1.18253e-1
 6.61639e0	9.57905e-2
 6.93156e0	7.62125e-2
 7.24673e0	5.94786e-2
 7.5619e0	4.54703e-2
 7.87707e0	3.40011e-2
 8.19224e0	2.48302e-2
 8.50741e0	1.76795e-2
 8.82258e0	1.22517e-2
 9.13775e0	8.24792e-3
 9.45292e0	5.38323e-3
 9.76809e0	3.39909e-3
 1.00833e1	2.07163e-3
 1.03984e1	1.21571e-3
 1.07136e1	6.85133e-4
 1.10288e1	3.69771e-4
 1.13439e1	1.90545e-4
 1.16591e1	9.34458e-5
 1.19743e1	4.34623e-5
 1.22895e1	1.90998e-5
 1.26046e1	7.89868e-6
 1.29198e1	3.06056e-6
 1.3235e1	1.10594e-6
 1.35501e1	3.708e-7
 1.38653e1	1.14724e-7
 1.41805e1	3.25619e-8
 1.44957e1	8.4244e-9
 1.48108e1	1.97314e-9
 1.5126e1	4.1529e-10
 1.54412e1	7.79201e-11
 1.57563e1	1.29217e-11
 1.60715e1	1.87639e-12
