8.0	0.3855050115651503
8.5	0.3427004797806717
9.0	0.2900232018561485
9.5	0.224517287831163
10.0	0.1918649270913277
10.5	0.1365374112506827
11.0	0.09228497600590624
11.5	0.06906077348066299
12.0	0.04652894100130281
12.5	0.030759766225776683
13.0	0.01790189760114572
13.5	0.009469876323415217
14.0	0.0048439286198678575
14.5	0.002131278212795342
15.0	8.467902415892559e-4
15.5	3.6578960074796655e-4
16.0	1.173086853708327e-4
16.5	3.793728890269806e-5
17.0	9.800373833299797e-6
17.5	2.109090922589091e-6
18.0	3.7749553996569443e-7
