5.5	0.5347593582887701
6.0	0.5035246727089627
6.5	0.4612546125461255
7.0	0.37453183520599254
7.5	0.32362459546925565
8.0	0.282326369282891
8.5	0.24061597690086622
9.0	0.19755037534571315
9.5	0.1502403846153846
10.0	0.10867202782003912
10.5	0.08585164835164835
11.0	0.05753077896674721
11.5	0.03844083954793573
12.0	0.0243107891282151
12.5	0.01516346212167162
13.0	0.009385088970643442
13.5	0.004508566275924256
14.0	0.002323225752492821
14.5	9.071611299599035e-4
15.0	4.1022477035617354e-4
15.5	1.420123317828427e-4
16.0	4.791954882786388e-5
16.5	1.3743317758397806e-5
17.0	3.4198693657780445e-6
17.5	7.097384836971304e-7
