8.0	0.12356357345854442
8.5	0.1047998323202683
9.0	0.07811889696117491
9.5	0.06907031357922365
10.0	0.054923930356456305
10.5	0.04117768169652049
11.0	0.028703464508166136
11.5	0.021383970575656486
12.0	0.014721036360959812
12.5	0.009762955441871363
13.0	0.0062613878992417455
13.5	0.0035984296453027897
14.0	0.00217096807808538
14.5	0.0010833872318481179
15.0	5.660292988085649e-4
15.5	2.710229082113166e-4
16.0	1.0804812679663776e-4
16.5	4.259337607408249e-5
17.0	1.4926173801024492e-5
17.5	4.650903854329599e-6
18.0	1.1241121703063033e-6
18.5	2.5600729619974944e-7
