8.0	0.49382716049382713
8.5	0.48661800486618007
9.0	0.4132231404958678
9.5	0.33783783783783783
10.0	0.2785515320334262
10.5	0.2176278563656148
11.0	0.1610305958132045
11.5	0.10504201680672269
12.0	0.07818608287724785
12.5	0.045413260672116255
13.0	0.02696871628910464
13.5	0.016044925792218213
14.0	0.008581849388543231
14.5	0.004381640924526235
15.0	0.0018929713972021883
15.5	7.439507504603195e-4
16.0	2.861971411767568e-4
16.5	9.303874784731597e-5
17.0	2.56250264258085e-5
17.5	5.689258989093207e-6
18.0	1.133226402090032e-6
18.5	1.8720963411329758e-7
