0.0	1.0
0.5	1.0
1.0	1.0
1.5	1.0
2.0	1.0
2.5	1.0
3.0	1.0
3.5	0.9852216748768473
4.0	0.9803921568627451
4.5	0.9900990099009901
5.0	0.9900990099009901
5.5	0.975609756097561
6.0	0.970873786407767
6.5	0.9433962264150944
7.0	0.847457627118644
7.5	0.8298755186721992
8.0	0.8
8.5	0.746268656716418
9.0	0.6802721088435374
9.5	0.5970149253731343
10.0	0.5102040816326531
10.5	0.4576659038901602
11.0	0.322061191626409
11.5	0.31496062992125984
12.0	0.2074688796680498
12.5	0.15220700152207
13.0	0.099601593625498
13.5	0.058173356602675974
14.0	0.03527336860670194
14.5	0.023070711731456917
15.0	0.009454029780193808
15.5	0.00424881033310673
16.0	0.0017254915494051368
16.5	5.959475566150178e-4
17.0	2.1103301717070145e-4
17.5	5.9233635227427544e-5
18.0	1.3065757080921721e-5
18.5	2.6449605335520185e-6
19.0	4.2176763516029955e-7
