5.5	0.37369207772795215
6.0	0.303951367781155
6.5	0.28328611898017
7.0	0.23719165085388993
7.5	0.20056157240272765
8.0	0.16223231667748214
8.5	0.13706140350877194
9.0	0.10544074230282581
9.5	0.0810241451952682
10.0	0.057425060296313314
10.5	0.041785057663379574
11.0	0.028885037550548817
11.5	0.018367496877525532
12.0	0.010595016104424478
12.5	0.006780672371472355
13.0	0.004094098766038632
13.5	0.0018394728806513205
14.0	8.363259864883173e-4
14.5	3.5260731956378245e-4
15.0	1.4353693377550363e-4
15.5	5.0957532807478774e-5
16.0	1.5802257377750025e-5
16.5	4.377049515136279e-6
17.0	9.399836477060704e-7
